-2 0.8017460317460318
-11 0.4023809523809524
-2 0.5571428571428572
-4 0.37142857142857144
-6 0.4023809523809524
-7 0.3738548752834467
-6 0.461859410430839
-1 0.7792743764172335
-1 0.799297052154195
-1 1.3928571428571428
-2 0.8047619047619048
-9 0.4023809523809524
-2 0.43333333333333335
-4 0.4023809523809524
-6 0.37142857142857144
-7 0.43333333333333335
-6 0.49523809523809526
-4 0.7858730158730158
-4 0.8236507936507936
-4 1.3
-3 0.5261904761904762
-2 0.8047619047619048
-11 0.37142857142857144
-2 0.4642857142857143
-4 0.3404761904761905
-6 0.4023809523809524
-7 0.4023809523809524
-6 0.4023809523809524
3 0.7738095238095238
3 0.7428571428571429
3 0.7738095238095238
1 0.3923582766439909
-1 0.44335600907029477
-2 0.7648752834467121
-4 0.41131519274376416
-6 0.6190476190476191
-9 0.8047619047619048
-7 0.8357142857142857
